0111000000101111101101111111111110011111111101111111111111111111111111111110
0111000000101111101101111111111110011111111101111111111111111111111111111111
011100000010111110110111111111111001111111111111111111111111111111111111111110
011100000010111110110111111111111001111111110111111111111111111110
01110000001011111011011111111111100111111111111111111111111111111111111111111110000001100111111111110
01110000001011111011011111111111100111111111111111111111111111111111111111110
011100000010111110110111111111111101
0111000000101111101101111111111110011111111101111111111111111110
0111000000101111101101111111111110011111111111111111111111111111111111111111111000000110011111111111111111111111111111111111111111111110
0111000000101111101101111111111110011111111111111111111111111111111111111111111000000110011111111110
111000
0111000000101111101101111111111110011111111111111111111111111111111111111110
0111000000101111101101111111111110011111111111111111111111110
111001
0111000000101111101101111110
01110000001011111011011111111111100111111111011111111111111110
0111000000101111101101111111111110011111111100
01110000001011111011011111111111100111111111111111111111111111111111111111111110000001100111111111111111111111111111111111111111111110
0111000000101111101101111111111110011111111111111111111111111111111111111111111000000110011111111111111111111111111111110
01110000001011111011011111111111100111111111111111111111111111111111111111111110000001100111111110
01110000001011111011011111111111100111111111111111111111111111111111111111111100000001000
011100000010111110110111111111111001111111111111111111111111111111111111111111100000010
01110000001011111011011111111111100111111111111111111111111111111111111111111110001
011100000010111110110111111111111001111111111111111111111111111111111111110
01110000001011111011011111111111100111111111111111111111111111111110
011100000010111110110111111111111100100
0111000000101111101101111111111110010
01110000001011111011011111111111101
0111000000101111101101111111110
011100000010111110110111110
011100000010111110110110
0111000000101111101101111111111110011111111101111111111111110
110
1111100110
100101111
0111000000101111101101111111111110011111111111111111111111111111111111111111111000000110011111111111111111111111111111111111111111110
0111000000101111100
011100000010111110110111111111111001111111111111111111111111111111111111111111100000011001111111111111111111111111111110
0111000000101111111
100101110
1111100101010
1111100101001
0111000000101111110
01110000001011111011011111111111100111111111111111111111111111111111111111111100000000
100100
01110001
11111010
01110000001011111011011111111111100111111111111111111111111111111111111110
11111000100111
01110000001010
0111000000101101
11111001010000111
01110000001011110
1111100101000010
01110000001011000
1111100101000001
1111100101000000
01110000001011001
1111100010010
10010100
0111000000101111101101110
01110000001011111011010
0111000000101111101100
1001010100
01110000001011111011011111111111100111111111011111111110
011100001
1001011010
11111000110
10010101011
111110001000
10010110110
01110000000
11111001011
111110000
011100000011
0111000000100
10010101110
10010101111
10010110111
10010101010
11111000101
100101100110
100101100111
1111100100
1111100111
11111000100110
11111001010001
1001010110
11111001010000110
1111100101011
0111000000101110
01110000001011111010
0111000000101111101101111111111110011111111111111111111111111111111111111111110001
011100000010111110111
011100000010111110110111111111111001111111111111111111111111111111111111111111101
0111000000101111101101111111111110011111111111111111111111111111111111110
011100000010111110110111111111111001111111111111111111111111111111111110
1000
1111110
101011
01111
000
100110
100111
0010
0011
11111000111
11111011
10100
111010
0101
0110
1111111
1001011000
11110
0100
1011
111011
0111001
101010
0111000001
011101
10010110010
011100000010111110110111111111111001111111111111111111110
0111000000101111101101111111111110011111111111111111111110
01110000001011111011011111111111100111111111111111111111110
011100000010111110110111111111111001111111111111111111111110
011100000010111110110111111111111001111111110111111111111110
011100000010111110110111111111111001111111110111111111110
011100000010111110110111111111111001111111110111111110
01110000001011111011011111111111100111111111011111110
0111000000101111101101111111111110011111111101111110
01110000001011111011011111111111100111111111011110
0111000000101111101101111111111110011111111101110
011100000010111110110111111111111001111111110110
0111000000101111101101111111111110011111111111111111111111111111111111111111111000000110011111111111111111111111111111111111111111111111111111110
0111000000101111101101111111111110011111111111111111111111111111111111111111111000000110011111111111111111111111111111111111111111111111111111111
011100000010111110110111111111111001111111111111111111111111111111111111111111100000011001111111111111111111111111111111111111111111111111111110
0111000000101111101101111111111110011111111111111111111111111111111111111111111000000110011111111111111111111111111111111111111111111111111110
011100000010111110110111111111111001111111111111111111111111111111111111111111100000011001111111111111111111111111111111111111111111111111110
01110000001011111011011111111111100111111111111111111111111111111111111111111110000001100111111111111111111111111111111111111111111111111110
011100000010111110110111111111111001111111111111111111111111111111111111111111100000011001111111111111111111111111111111111111111111111110
01110000001011111011011111111111100111111111111111111111111111111111111111111110000001100111111111111111111111111111111111111111111111110
011100000010111110110111111111111001111111111111111111111111111111111111111111100000011001111111111111111111111111111111111111111110
0111000000101111101101111111111110011111111111111111111111111111111111111111111000000110011111111111111111111111111111111111111110
011100000010111110110111111111111001111111111111111111111111111111111111111111100000011001111111111111111111111111111111111111110
01110000001011111011011111111111100111111111111111111111111111111111111111111110000001100111111111111111111111111111111111111110
011100000010111110110111111111111001111111111111111111111111111111111111111111100000011001111111111111111111111111111111111110
01110000001011111011011111111111100111111111111111111111111111111111111111111110000001100111111111111111111111111111111111110
0111000000101111101101111111111110011111111111111111111111111111111111111111111000000110011111111111111111111111111111111110
01110000001011111011011111111111100111111111111111111111111111111111111111111110000001100111111111111111111111111111111110
0111000000101111101101111111111110011111111111111111111111111111111111111111111000000110011111111111111111111111111110
011100000010111110110111111111111001111111111111111111111111111111111111111111100000011001111111111111111111111111110
01110000001011111011011111111111100111111111111111111111111111111111111111111110000001100111111111111111111111111110
01110000001011111011011111111111100111111111111111111111111111111111111111111110000001100111111111111111111110
011100000010111110110111111111111001111111111111111111111111111111111111111111100000011001111111111111111110
0111000000101111101101111111111110011111111111111111111111111111111111111111111000000110011111111111111110
01110000001011111011011111111111100111111111111111111111111111111111111111111110000001100111111111111110
011100000010111110110111111111111001111111111111111111111111111111111111111111100000011001111111111110
0111000000101111101101111111111110011111111111111111111111111111111111111111111000000110011111110
011100000010111110110111111111111001111111111111111111111111111111111111111111100000011001111110
0111000000101111101101111111111110011111111111111111111111111111111111111111111000000110011110
011100000010111110110111111111111001111111111111111111111111111111111111111111100000011001110
01110000001011111011011111111111100111111111111111111111111111111111111111111110000001100110
011100000010111110110111111111111001111111111111111111111111111111111111111111100000011000
011100000010111110110111111111111001111111111111111111111111111111111111111111100000011010
011100000010111110110111111111111001111111111111111111111111111111111111111111100000011011
01110000001011111011011111111111100111111111111111111111111111111111111111111100000001001
01110000001011111011011111111111100111111111111111111111111111111111111111111100000001100
01110000001011111011011111111111100111111111111111111111111111111111111111111100000001101
0111000000101111101101111111111110011111111111111111111111111111111111111111111000000110010
0111000000101111101101111111111110011111111111111111111111111111111111111111110000000101
0111000000101111101101111111111110011111111111111111111111111111111111111111110000000111
0111000000101111101101111111111110011111111111111111111111111111111111111111111000000111
01110000001011111011011111111111100111111111111111111111111111111111111111111110000001100111110
01110000001011111011011111111111100111111111111111111111111111111111111111111110000000
0111000000101111101101111111111110011111111111111111111111111111111111111111110000001
0111000000101111101101111111111110011111111111111111111111111111111111111111111000001
011100000010111110110111111111111001111111111111111111111111111111111111111111100000011001111111110
011100000010111110110111111111111001111111111111111111111111111111111111111111000001
011100000010111110110111111111111001111111111111111111111111111111111111111111100001
01110000001011111011011111111111100111111111111111111111111111111111111111111100001
0111000000101111101101111111111110011111111111111111111111111111111111111111111000000110011111111111110
0111000000101111101101111111111110011111111111111111111111111111111111111111111001
011100000010111110110111111111111001111111111111111111111111111111111111111111100000011001111111111111110
011100000010111110110111111111111001111111111111111111111111111111111111111111001
01110000001011111011011111111111100111111111111111111111111111111111111111111110000001100111111111111111110
01110000001011111011011111111111100111111111111111111111111111111111111111111101
0111000000101111101101111111111110011111111111111111111111111111111111111111111000000110011111111111111111110
01110000001011111011011111111111100111111111111111111111111111111111111111111111
011100000010111110110111111111111001111111111111111111111111111111111111111111100000011001111111111111111111110
0111000000101111101101111111111110011111111111111111111111111111111111111111111000000110011111111111111111111110
01110000001011111011011111111111100111111111111111111111111111111111111111111110000001100111111111111111111111110
011100000010111110110111111111111001111111111111111111111111111111111111111111100000011001111111111111111111111110
0111000000101111101101111111111110011111111111111111111111111111111111111111111000000110011111111111111111111111110
01110000001011111011011111111111100111111111111111111111111111111111110
0111000000101111101101111111111110011111111111111111111111111111111110
011100000010111110110111111111111001111111111111111111111111111111110
01110000001011111011011111111111100111111111111111111111111111111111111111111110000001100111111111111111111111111111110
0111000000101111101101111111111110011111111111111111111111111111110
011100000010111110110111111111111001111111111111111111111111111110
01110000001011111011011111111111100111111111111111111111111111110
011100000010111110110111111111111001111111111111111111111111111111111111111111100000011001111111111111111111111111111111110
0111000000101111101101111111111110011111111111111111111111111110
011100000010111110110111111111111001111111111111111111111111110
01110000001011111011011111111111100111111111111111111111111110
0111000000101111101101111111111110011111111111111111111111111111111111111111111000000110011111111111111111111111111111111111110
011100000010111110110111111111111100101
011100000010111110110111111111111100110
011100000010111110110111111111111100111
01110000001011111011011111111111100111111111111111111111111111111111111111111110000001100111111111111111111111111111111111111111110
01110000001011111011011111111111100110
011100000010111110110111111111111001110
0111000000101111101101111111111110011110
011100000010111110110111111111111001111111111111111111111111111111111111111111100000011001111111111111111111111111111111111111111111110
0111000000101111101101111111111111000
01110000001011111011011111111111100111110
011100000010111110110111111111111001111110
0111000000101111101101111111111110011111111111111111111111111111111111111111111000000110011111111111111111111111111111111111111111111111110
011100000010111110110111111111111000
0111000000101111101101111111111110011111110
01110000001011111011011111111111100111111110
01110000001011111011011111111111100111111111111111111111111111111111111111111110000001100111111111111111111111111111111111111111111111111111110
01110000001011111011011111111111111
011100000010111110110111111111110
0111000000101111101101111111111110011111111110
01110000001011111011011111111111100111111111010
01110000001011111011011111111110
01110000001011111011011111111111100111111111110
011100000010111110110111111111111001111111111110
011100000010111110110111111111111001111111110111110
011100000010111110110111111110
0111000000101111101101111111111110011111111111110
01110000001011111011011111111111100111111111111110
0111000000101111101101111111111110011111111101111111110
01110000001011111011011111110
011100000010111110110111111111111001111111111111110
0111000000101111101101111111111110011111111111111110
01110000001011111011011111111111100111111111011111111111110
01110000001011111011011110
01110000001011111011011111111111100111111111111111110
011100000010111110110111111111111001111111111111111110
011100000010111110110111111111111001111111110111111111111111110
0111000000101111101101111111111110011111111111111111110
01110000001011111011011111111111100111111111011111111111111111110
01110000001011111011011111111111100111111111111111111110
0111000000101111101101111111111110011111111101111111111111111111110
01110000001011111011011111111111100111111111011111111111111111111110
011100000010111110110111111111111001111111110111111111111111111111110
0111000000101111101101111111111110011111111101111111111111111111111110
01110000001011111011011111111111100111111111011111111111111111111111110
011100000010111110110111111111111001111111110111111111111111111111111110
0111000000101111101101111111111110011111111101111111111111111111111111110
01110000001011111011011111111111100111111111011111111111111111111111111110
011100000010111110110111111111111001111111110111111111111111111111111111110
0111000000101111101101111111111110011111111101111111111110
